Day	RS	recoding	mi_grazing	mi_rumination	snr_grazing	snr_rumination
1	1	1	0.455921532493349	0.3279788027882599	9.626670221057244	6.264893239448028
1	1	2	0.3842650182484965	0.3395109294041303	8.37664367986397	7.112171880966695
1	1	3	0.4315951687587042	0.327416115389936	8.45359888529728	6.163941343417239
1	1	4	0.3509867801144088	0.2680284012160522	7.955767028103509	6.219983482138035
1	1	5				
1	2	1	0.3209228106597712		8.305864205004765	
1	2	2	0.3520773971328496		8.620584295687124	
1	3	1	0.3799125125008679	0.2486253314865354	8.363977288898345	5.7542894873458525
1	3	2	0.4516178688038194	0.3531399237366364	9.433361294162706	8.465954443125083
1	3	3	0.5651386678904684	0.3973668389588346	10.414874782996382	8.521424162941182
1	3	4	0.542731894333184	0.4099675935107161	10.242064389596392	8.65640257174271
1	3	5				
1	4	1	0.5175348314178919	0.3144261490182177	9.81208750107541	4.504247441874666
1	4	2	0.5212830127676732	0.3696647979689684	10.08691771056401	5.867060910140489
1	4	3	0.706650008738295	0.3664609561947244	10.967730229277413	6.942613886031822
1	4	4	0.6644620131617234	0.3943685685503918	10.780992893905452	7.401332506380345
1	5	1	0.3616343854026345	0.287084748026832	6.407750546753429	1.070938644299107
1	5	2	0.3107602617232766	0.2843952496214917	3.2163122894280867	-1.3465972507150676
1	5	3	0.2942622481519553	0.3670393609679292	2.076453766803694	-1.0342808572151467
1	5	4	0.2926827418803372	0.3710531839006052	1.822284499220496	1.7848273470391682
2	1	1	0.5080561872484327		10.064873663195485	
2	1	2	0.4876080741766493	0.3188999448764126	9.874970243871232	5.96268869915291
2	1	3	0.637879869538294	0.3800045589248534	11.091765011081527	7.417997641043068
2	1	4	0.623780339840571	0.3266581953826695	10.848756826317928	5.607298007451959
2	1	5	0.4399974482225858		9.333221249357535	
2	2	1	0.3685131544229184		7.739833119182841	
2	2	2	0.3402718877491859	0.2948299580271569	7.469910243115171	4.858869134984113
2	2	3	0.4179622014480422	0.2645381114634519	8.9128653363305	5.152005798191027
2	2	4	0.4811443339336453	0.2963933913414072	9.944538430031544	4.90212821083295
2	3	1	0.2970432543135937		7.8667202135946	
2	3	2	0.3433481963472733	0.253940096620969	7.856811003611765	6.230113821518832
2	3	3	0.4237200469048328		8.969872040415726	
2	3	4	0.4352688369703467	0.3147308250871032	8.879386600437863	4.678763388910262
2	3	5	0.4590947158558869	0.4241289833625685	7.6057878460184	7.250512587917105
2	4	1				
2	4	2	0.6348578171379291	0.4771091823895825	10.197960801759844	9.283495543498663
2	4	3		0.4572828022215349		8.929330664985255
2	4	4				
2	5	1	0.4321164707899247		9.484551918998186	
2	5	2	0.4115758850463031	0.2845147191495954	9.398229249268956	5.453427192785973
2	5	3	0.5520406923797758	0.2998082515450065	10.529817639942731	7.727182305724409
2	5	4	0.5174049583328688	0.2480781737208793	10.166277195220395	5.777100112218673
3	1	1				
3	1	2	0.4312253238333853		9.576737755009614	
3	1	3	0.468249661027456	0.3382741619026824	9.917143418344423	4.800344691537117
3	1	4	0.4313611661501254	0.2837596431158881	8.732140819052725	4.276693281874684
3	2	1	0.38705555534222	0.2772537577453382	8.748347592177666	7.485671433944384
3	2	2	0.4612596727435167	0.2496588087449301	9.581016348008964	4.886168428884977
3	2	3	0.5222542209126891	0.248895866201291	9.772673629184732	4.7854863868419
3	2	4	0.4819555030930161	0.2213857133160766	9.793912447839102	2.226668819032981
3	3	1	0.4327250387973652		9.938582822909158	
3	3	2	0.4607775972640978	0.2540701228575364	9.711279243310026	5.387848039442461
3	3	3	0.5047365120553672	0.2719943207457403	10.004528779087206	5.056193575710845
3	3	4	0.4711950573113697	0.2468872066183015	10.01804761206592	4.426926408047442
3	4	1	0.6620561990225788		10.915953145355603	
3	4	2	0.6333590308034924		10.682873750766806	
3	4	3	0.7064631995990611	0.3984657302341628	11.002732868171634	8.213407479239489
3	4	4	0.6207388945801913	0.4207996264361057	10.823195912435713	8.607294503174876
3	5	1				
3	5	2	0.4102986299806919	0.3022160816704705	4.492332754662303	0.5497033139908087
3	5	3	0.3703290011605235	0.3167725201187011	4.195215061313244	0.7492759010816946
3	5	4	0.3824894018308082		4.669166340253784	
4	1	1				
4	1	2	0.5232321155836296	0.3947437899564095	10.399991647741812	7.669352054752794
4	1	3	0.5336753279015879	0.3257680309309824	10.81763536060084	6.563038823648743
4	1	4	0.4672033848921571		9.624867267783769	
4	1	5				
4	2	1	0.3640040536850005		7.208460459918954	
4	2	2	0.3351669634000107	0.3686854770202201	7.12793601727666	6.232845347064423
4	2	3	0.3269302689295237	0.3373831652771771	6.419064228356739	1.3821445600199496
4	2	4	0.3486003902834372	0.3025116318129462	7.1447193432261615	3.664053019055741
4	3	1	0.4406905191819695		9.17244517852377	
4	3	2	0.453963552128874	0.4039823539287984	8.949729593418002	6.060516692086815
4	3	3	0.492972151879705	0.3878442186726649	9.480119597404418	4.515761782253563
4	3	4	0.3973454706963755	0.363440503197806	7.493036392727136	4.598118655043737
4	3	5	0.4656673779363585		8.807693217922006	
4	4	1	0.6741967753391531		11.09472687040286	
4	4	2	0.6015664978533837	0.3620923322658274	10.694729690416446	7.179203890199963
4	4	3	0.5810241471567792	0.1602844048852817	8.720973336571069	0.8543899035447003
4	4	4	0.4957780841752248	0.1513615604115523	8.148654091819232	-1.9153418006608172
4	4	5	0.4146403303433176		7.935315907295673	
4	5	1	0.2468661910683349		2.47802540753264	
4	5	2	0.3440890109816173	0.3397152189874082	4.8111290918236325	4.882154827967651
4	5	3	0.337188215558327	0.2631468336439327	3.7881852274771215	-0.0851047521252996
4	5	4	0.3406099091027179	0.211221078790489	4.421834616817296	0.7074874892343024
4	5	5	0.310244915643761		4.45554459193358	
5	1	1	0.4271999995606342		9.310196008118554	
5	1	2	0.4118464364208851	0.3879865606305145	9.099928111759976	6.307024295049333
5	1	3	0.5533063740301464	0.222141794877725	11.059963540988816	3.6691333004091606
5	1	4	0.5043578997125887	0.3001069537821826	10.415073990671766	4.757151392322254
5	1	5				
5	2	1	0.3242361060779612	0.2747487742531256	6.948329566507787	5.050989314636368
5	2	2	0.3890091843539163	0.2924502973409725	7.267178414691325	3.9807259830170896
5	2	3				
5	2	4				
5	3	1	0.4114728090133234		9.708907302253095	
5	3	2	0.3631474762233374	0.2513445766774786	8.401735139801094	4.959672314849573
5	3	3	0.5034847424760497	0.2155840812962537	10.311008598030366	4.094025708603785
5	3	4	0.4795691039975961	0.2257869641871669	10.1341353834027	4.23175012323118
5	3	5				
5	4	1	0.6158339076854596	0.3221127979377462	10.143629834643086	5.702399029511625
5	4	2	0.5927807491848761	0.330413732509691	10.33401609208093	6.577186028819653
5	4	3	0.6523381449743162	0.3334441353602365	10.53564389260014	6.2114603656617735
5	4	4	0.5866933524566181	0.2129002335120343	9.98791988121152	3.4574639569634456
5	4	5	0.5490647974932196		10.129158087466784	
5	5	1	0.2362902058319293	0.3476710996171738	3.3155195154802968	4.141314547714946
5	5	2	0.2519361089288363	0.2571077741177319	3.7594123826351633	1.2237612172408263
5	5	3	0.4054945914135323	0.2561206845466554	7.1292264727128485	0.6785637487212292
5	5	4	0.3028867251575318	0.2416695654698545	8.31266602494718	0.3561778359934313
5	5	5				
6	1	1	0.4061715587563886		10.034946163951933	
6	1	2	0.525817585876439	0.3833134252801339	10.235641736700622	5.035638006155138
6	1	3	0.4475124583178523	0.3891987561725692	8.425854906853331	2.863168632158652
6	1	4	0.4060289724128272	0.3033617890534966	8.447709006385285	2.4803285315179777
6	1	5				
6	2	1	0.2523409623436744	0.2356477920552537	5.339371854230073	3.0151287133123343
6	2	2	0.3409170125112544	0.2604558787180583	6.135288104897621	3.06856873599593
6	2	3	0.3529812292864979	0.2713726016491953	6.805376642330787	2.6646835802186337
6	2	4	0.3355020623816543	0.2700130995885283	6.197901788699006	3.3404453107966896
6	2	5	0.4590947158558869	0.4243489656855954	7.6057878460184	7.253575768361178
6	3	1				
6	3	2	0.5446459576267199	0.4487982108057723	10.55041160597851	9.788023932520074
6	3	3	0.5855714792375116	0.4725385086624801	10.826824216501365	9.717269417133265
6	3	4	0.5118728151680652	0.5304408324609591	10.240173968273202	10.36830557426666
6	4	1	0.6298886103304975		10.635624397745298	
6	4	2	0.591011047334067		10.54748719172497	
6	4	3	0.5445976174684695	0.2910244759940225	9.90752915196395	5.074691083549268
6	4	4	0.4161533653387826	0.32796588046516	8.453381180669659	4.521037719958812
6	5	1	0.4330359252532667	0.2880077133917202	7.955290781089003	3.3783275397314285
6	5	2	0.4403930891861916	0.1990108605466028	9.128157853759234	1.7146551603169586
6	5	3	0.4885633344348722	0.2309135787098906	9.791092121636952	2.343432041758837
6	5	4	0.369764606382721	0.1895706240801624	7.7832032529744355	2.0692720717296167
6	5	5				
